h    = 6.62606957e-34;
hbar = 1.054571726e-34;
c    = 2.99792458e8;
q    = 1.602176565*10^-19;
kB   = 1.3806488e-23;
ep0  = 8.854187817e-12;
mu0  = 1/(c^2*ep0);

